0     -76.71521    39.25555
1     -76.71528    39.25539
2     -76.7146    39.2552
3     -76.71467    39.25507
4     -76.71479    39.2551
5     -76.71479    39.25507
6     -76.71468    39.25505
7     -76.71463    39.255
8     -76.71462    39.25498
9     -76.71462    39.25496
10    -76.71463    39.25492
11    -76.71467    39.2549
12    -76.71509    39.25478
13    -76.71529    39.25484
14    -76.71527    39.25488
15    -76.71537    39.25492
16    -76.7154    39.25487
17    -76.71555    39.25492
18    -76.71548    39.25506
19    -76.71568    39.25513
20    -76.71558    39.25531
21    -76.71579    39.25538
22    -76.71588    39.2552
23    -76.71584    39.25518
24    -76.71593    39.25511
25    -76.71611    39.25517
26    -76.71603    39.25529
27    -76.71614    39.25533
28    -76.71601    39.2556
29    -76.71583    39.25556
30    -76.71581    39.25564
31    -76.71587    39.25573
32    -76.71573    39.25583
33    -76.71542    39.25559
34    -76.71542    39.25561
