0     -76.71155    39.25531
1     -76.71146    39.25529
2     -76.71145    39.25530
3     -76.71091    39.25515
4     -76.71088    39.25521
5     -76.71061    39.25513
6     -76.71064    39.25507
7     -76.71057    39.25505
8     -76.71058    39.25502
9     -76.71049    39.25499
10    -76.71067    39.25460
11    -76.71077    39.25461
12    -76.71087    39.25450
13    -76.71091    39.25450
14    -76.71098    39.25439
15    -76.71124    39.25448
16    -76.71101    39.25490
17    -76.71158    39.25507
18    -76.71156    39.25509
19    -76.71164    39.25512
