0     -76.71117    39.25422
1     -76.71057    39.25409
2     -76.71056    39.25411
3     -76.71053    39.25411
4     -76.71053    39.25408
5     -76.71044    39.25407
6     -76.71044    39.25404
7     -76.71035    39.25401
8     -76.71040    39.25389
9     -76.71043    39.25389
10    -76.71043    39.25387
11    -76.71051    39.25387
12    -76.71061    39.25365
13    -76.71123    39.25380
14    -76.71125    39.25377
15    -76.71131    39.25377
16    -76.71120    39.25401
17    -76.71123    39.25404
