0     -76.71217    39.25679
1     -76.71212    39.25675
2     -76.71159    39.25708
3     -76.71134    39.25685
4     -76.71117    39.25695
5     -76.71081    39.25683
6     -76.71079    39.25685
7     -76.71070    39.25678
8     -76.71073    39.25675
9     -76.71069    39.25673
10    -76.71133    39.25633
11    -76.71136    39.25634
12    -76.71140    39.25633
13    -76.71142    39.25634
14    -76.71153    39.25628
15    -76.71168    39.25630
16    -76.71175    39.25616
17    -76.71174    39.25613
18    -76.71182    39.25606
19    -76.71185    39.25608
20    -76.71188    39.25607
21    -76.71245    39.25661
22    -76.71243    39.25662
23    -76.71245    39.25665
24    -76.71236    39.25671
25    -76.71232    39.25669
