0     -76.70968    39.25476
1     -76.70923    39.25463
2     -76.70925    39.25460
3     -76.70928    39.25460
4     -76.70930    39.25452
5     -76.70933    39.25452
6     -76.70935    39.25448
7     -76.70944    39.25451
8     -76.70952    39.25445
9     -76.70955    39.25446
10    -76.70968    39.25423
11    -76.70971    39.25423
12    -76.70973    39.25421
13    -76.70986    39.25423
14    -76.70986    39.25422
15    -76.70990    39.25423
16    -76.70968    39.25469
17    -76.70968    39.25472
18    -76.70970    39.25472
