0 (-76.71246, 39.25341)
1 (-76.71194, 39.25326)
2 (-76.71206, 39.25304)
3 (-76.71194, 39.25299)
4 (-76.71213, 39.25259)
5 (-76.71208, 39.25258)
6 (-76.71217, 39.2524)
7 (-76.71237, 39.25245)
8 (-76.71244, 39.2523)
9 (-76.71302, 39.25246)
10 (-76.71299, 39.25249)
11 (-76.71318, 39.25255)
12 (-76.71315, 39.25259)
13 (-76.71321, 39.25261)
14 (-76.7131, 39.25283)
15 (-76.71303, 39.25281)
16 (-76.71298, 39.25289)
17 (-76.7129, 39.25294)
18 (-76.71283, 39.25291)
19 (-76.71268, 39.2532)
20 (-76.71256, 39.25318)
