0     -76.71192    39.25537
1     -76.71170    39.25530
2     -76.71185    39.25499
3     -76.71193    39.25500
4     -76.71194    39.25496
5     -76.71199    39.25496
6     -76.71200    39.25493
7     -76.71195    39.25490
8     -76.71200    39.25482
9     -76.71201    39.25482
10    -76.71219    39.25450
11    -76.71216    39.25450
12    -76.71221    39.25443
13    -76.71234    39.25448
14    -76.71234    39.25450
15    -76.71240    39.25452
16    -76.71238    39.25454
17    -76.71242    39.25456
18    -76.71235    39.25468
19    -76.71233    39.25467
20    -76.71222    39.25489
21    -76.71225    39.25490
22    -76.71220    39.25498
23    -76.71216    39.25498
24    -76.71214    39.25499
25    -76.71217    39.25500
26    -76.71214    39.25504
27    -76.71207    39.25502
28    -76.71205    39.25507
29    -76.71206    39.25507
30    -76.71195    39.25529
31    -76.71200    39.25530
32    -76.71196    39.25535
33    -76.71193    39.25534
