0     -76.71299    39.25530
1     -76.71285    39.25527
2     -76.71285    39.25528
3     -76.71236    39.25514
4     -76.71244    39.25501
5     -76.71254    39.25505
6     -76.71255    39.25501
7     -76.71275    39.25505
8     -76.71276    39.25503
9     -76.71278    39.25500
10    -76.71285    39.25500
11    -76.71286    39.25502
12    -76.71286    39.25505
13    -76.71285    39.25507
14    -76.71286    39.25509
15    -76.71299    39.25484
16    -76.71267    39.25475
17    -76.71269    39.25470
18    -76.71261    39.25467
19    -76.71263    39.25462
20    -76.71260    39.25461
21    -76.71264    39.25454
22    -76.71326    39.25474
23    -76.71321    39.25478
24    -76.71327    39.25480
25    -76.71305    39.25524
26    -76.71302    39.25524
