0     -76.71364    39.25401
1     -76.71352    39.25398
2     -76.71296    39.25382
3     -76.71297    39.25379
4     -76.71301    39.25379
5     -76.71323    39.25334
6     -76.71319    39.25331
7     -76.71321    39.25327
8     -76.71346    39.25334
9     -76.71321    39.25382
10    -76.71344    39.25389
11    -76.71364    39.25345
12    -76.71362    39.25344
13    -76.71365    39.25340
14    -76.71390    39.25347
15    -76.71387    39.25352
16    -76.71384    39.25351
17    -76.71362    39.25396
18    -76.71366    39.25397
